[OPTION]
perf_tree_range=15000.000000
perf_gravel_range=15000.000000
perf_effect_range=15000.000000
perf_shop_range=15000.000000
[GENERAL]
init=1
